Frame 0
-0.027081 0.000000
-0.048679 0.034451
-0.741132 0.983628
2.425296 -3.380107
-1.528866 2.056562
0.024376 -0.087065
-0.042105 -0.001338
-0.049851 0.003595
-0.050995 0.000000
-0.049851 -0.003595
-0.042105 0.001338
0.024376 0.087065
-1.528866 -2.056562
2.425296 3.380107
-0.741132 -0.983628
-0.048679 -0.034451
Frame 1
-0.049004 0.000000
-0.027405 0.034451
0.665048 0.983627
-2.501380 -3.380106
1.452781 2.056561
-0.100460 -0.087064
-0.033980 -0.001339
-0.026232 0.003594
-0.025091 0.000000
-0.026232 -0.003594
-0.033980 0.001339
-0.100460 0.087064
1.452781 -2.056561
-2.501380 3.380106
0.665048 -0.983627
-0.027405 -0.034451
Frame 2
-0.003206 0.000000
0.031742 -0.013159
1.152155 -0.375712
-3.971233 1.291086
2.426734 -0.785536
-0.086464 0.033256
0.021105 0.000512
0.033637 -0.001374
0.035488 0.000000
0.033637 0.001374
0.021105 -0.000512
-0.086464 -0.033256
2.426734 0.785536
-3.971233 -1.291086
1.152155 0.375712
0.031742 0.013159
Frame 3
0.047022 0.000000
0.047023 -0.042584
0.047022 -1.215830
0.047023 4.178040
0.047023 -2.542049
0.047023 0.107618
0.047023 0.001653
0.047022 -0.004442
0.047023 0.000000
0.047022 0.004442
0.047023 -0.001653
0.047023 -0.107618
0.047023 2.542049
0.047023 -4.178040
0.047022 1.215830
0.047023 0.042584
Frame 4
0.032267 0.000000
-0.002681 -0.013159
-1.123092 -0.375712
4.000294 1.291085
-2.397671 -0.785536
0.115525 0.033256
0.007956 0.000512
-0.004575 -0.001373
-0.006426 0.000000
-0.004575 0.001373
0.007956 -0.000512
0.115525 -0.033256
-2.397671 0.785536
4.000294 -1.291085
-1.123092 0.375712
-0.002681 0.013159
Frame 5
-0.027081 0.000000
-0.048679 0.034451
-0.741132 0.983627
2.425295 -3.380105
-1.528865 2.056561
0.024375 -0.087065
-0.042104 -0.001339
-0.049851 0.003595
-0.050994 0.000000
-0.049851 -0.003595
-0.042104 0.001339
0.024375 0.087065
-1.528865 -2.056561
2.425295 3.380105
-0.741132 -0.983627
-0.048679 -0.034451
Frame 6
-0.049004 0.000000
-0.027405 0.034451
0.665048 0.983627
-2.501379 -3.380105
1.452781 2.056561
-0.100460 -0.087065
-0.033980 -0.001339
-0.026233 0.003595
-0.025090 0.000000
-0.026233 -0.003595
-0.033980 0.001339
-0.100460 0.087065
1.452781 -2.056561
-2.501379 3.380105
0.665048 -0.983627
-0.027405 -0.034451
Frame 7
-0.003205 0.000000
0.031742 -0.013159
1.152154 -0.375712
-3.971232 1.291085
2.426733 -0.785537
-0.086464 0.033255
0.021105 0.000511
0.033638 -0.001374
0.035489 0.000000
0.033638 0.001374
0.021105 -0.000511
-0.086464 -0.033255
2.426733 0.785537
-3.971232 -1.291085
1.152154 0.375712
0.031742 0.013159
Frame 8
0.047023 0.000000
0.047022 -0.042584
0.047024 -1.215831
0.047023 4.178042
0.047021 -2.542050
0.047026 0.107618
0.047021 0.001657
0.047020 -0.004445
0.047026 0.000000
0.047020 0.004445
0.047021 -0.001657
0.047026 -0.107618
0.047021 2.542050
0.047023 -4.178042
0.047024 1.215831
0.047022 0.042584
Frame 9
0.032267 0.000000
-0.002681 -0.013159
-1.123094 -0.375713
4.000298 1.291087
-2.397675 -0.785537
0.115524 0.033257
0.007961 0.000507
-0.004579 -0.001368
-0.006425 0.000000
-0.004579 0.001368
0.007961 -0.000507
0.115524 -0.033257
-2.397675 0.785537
4.000298 -1.291087
-1.123094 0.375713
-0.002681 0.013159
Frame 10
-0.027081 0.000000
-0.048680 0.034451
-0.741133 0.983628
2.425297 -3.380109
-1.528867 2.056563
0.024377 -0.087065
-0.042111 -0.001337
-0.049846 0.003593
-0.050995 0.000000
-0.049846 -0.003593
-0.042111 0.001337
0.024377 0.087065
-1.528867 -2.056563
2.425297 3.380109
-0.741133 -0.983628
-0.048680 -0.034451
Frame 11
-0.049004 0.000000
-0.027405 0.034451
0.665048 0.983628
-2.501382 -3.380109
1.452782 2.056563
-0.100461 -0.087065
-0.033973 -0.001337
-0.026239 0.003593
-0.025089 0.000000
-0.026239 -0.003593
-0.033973 0.001337
-0.100461 0.087065
1.452782 -2.056563
-2.501382 3.380109
0.665048 -0.983628
-0.027405 -0.034451
Frame 12
-0.003206 0.000000
0.031742 -0.013159
1.152155 -0.375713
-3.971237 1.291087
2.426736 -0.785537
-0.086463 0.033257
0.021101 0.000506
0.033641 -0.001369
0.035487 0.000000
0.033641 0.001369
0.021101 -0.000506
-0.086463 -0.033257
2.426736 0.785537
-3.971237 -1.291087
1.152155 0.375713
0.031742 0.013159
Frame 13
0.047023 0.000000
0.047023 -0.042584
0.047023 -1.215831
0.047023 4.178044
0.047023 -2.542052
0.047023 0.107617
0.047023 0.001661
0.047023 -0.004448
0.047023 0.000000
0.047023 0.004448
0.047023 -0.001661
0.047023 -0.107617
0.047023 2.542052
0.047023 -4.178044
0.047023 1.215831
0.047023 0.042584
Frame 14
0.032267 0.000000
-0.002681 -0.013159
-1.123094 -0.375713
4.000298 1.291087
-2.397674 -0.785537
0.115524 0.033257
0.007961 0.000506
-0.004579 -0.001369
-0.006426 0.000000
-0.004579 0.001369
0.007961 -0.000506
0.115524 -0.033257
-2.397674 0.785537
4.000298 -1.291087
-1.123094 0.375713
-0.002681 0.013159
Frame 15
-0.027081 0.000000
-0.048680 0.034451
-0.741133 0.983628
2.425297 -3.380109
-1.528867 2.056563
0.024377 -0.087065
-0.042111 -0.001337
-0.049846 0.003593
-0.050995 0.000000
-0.049846 -0.003593
-0.042111 0.001337
0.024377 0.087065
-1.528867 -2.056563
2.425297 3.380109
-0.741133 -0.983628
-0.048680 -0.034451
Frame 16
-0.049004 0.000000
-0.027405 0.034451
0.665048 0.983628
-2.501382 -3.380109
1.452782 2.056563
-0.100461 -0.087065
-0.033973 -0.001337
-0.026239 0.003593
-0.025089 0.000000
-0.026239 -0.003593
-0.033973 0.001337
-0.100461 0.087065
1.452782 -2.056563
-2.501382 3.380109
0.665048 -0.983628
-0.027405 -0.034451
Frame 17
-0.003205 0.000000
0.031742 -0.013158
1.152155 -0.375712
-3.971237 1.291086
2.426736 -0.785538
-0.086462 0.033256
0.021101 0.000507
0.033640 -0.001368
0.035486 0.000000
0.033640 0.001368
0.021101 -0.000507
-0.086462 -0.033256
2.426736 0.785538
-3.971237 -1.291086
1.152155 0.375712
0.031742 0.013158
Frame 18
0.047024 0.000000
0.047022 -0.042584
0.047025 -1.215832
0.047022 4.178047
0.047022 -2.542053
0.047023 0.107617
0.047023 0.001659
0.047025 -0.004447
0.047021 0.000000
0.047025 0.004447
0.047023 -0.001659
0.047023 -0.107617
0.047022 2.542053
0.047022 -4.178047
0.047025 1.215832
0.047022 0.042584
Frame 19
0.032268 0.000000
-0.002680 -0.013160
-1.123096 -0.375714
4.000303 1.291089
-2.397678 -0.785538
0.115525 0.033257
0.007959 0.000508
-0.004578 -0.001372
-0.006427 0.000000
-0.004578 0.001372
0.007959 -0.000508
0.115525 -0.033257
-2.397678 0.785538
4.000303 -1.291089
-1.123096 0.375714
-0.002680 0.013160
Frame 20
-0.027081 0.000000
-0.048680 0.034451
-0.741134 0.983630
2.425301 -3.380114
-1.528869 2.056566
0.024376 -0.087065
-0.042108 -0.001338
-0.049849 0.003594
-0.050995 0.000000
-0.049849 -0.003594
-0.042108 0.001338
0.024376 0.087065
-1.528869 -2.056566
2.425301 3.380114
-0.741134 -0.983630
-0.048680 -0.034451
Frame 21
-0.049004 0.000000
-0.027405 0.034451
0.665049 0.983630
-2.501385 -3.380114
1.452784 2.056566
-0.100461 -0.087065
-0.033977 -0.001338
-0.026236 0.003594
-0.025090 0.000000
-0.026236 -0.003594
-0.033977 0.001338
-0.100461 0.087065
1.452784 -2.056566
-2.501385 3.380114
0.665049 -0.983630
-0.027405 -0.034451
